(qeait) D:\GoogleDrive\RESEARCH\A1 - Programs\QKSA\v13>python QKSA.py
Number of qubits : 2

. . . environment being setup . . .

1: All-Zeros
2: Equal Superposition
3: Random Pauli
4: Random U
5: Custom Test Env.
6: GHZ-state
7: W-state

Choose Environment State : 2
Equal Superposition state on 2 qubits selected
     ┌───┐
q_0: ┤ H ├
     ├───┤
q_1: ┤ H ├
     └───┘

. . . environment setup complete . . .

Agent Alive and Ticking

. . . environment being setup . . .

      ░      ┌───┐      ░ ┌─────┐ ░
q_0: ─░──────┤ X ├──────░─┤0    ├─░─
      ░      └─┬─┘┌───┐ ░ │  QP │ ░
q_1: ─░────────┼──┤ X ├─░─┤1    ├─░─
      ░ ┌───┐  │  └─┬─┘ ░ └─────┘ ░
q_2: ─░─┤ H ├──■────┼───░─────────░─
      ░ ├───┤       │   ░         ░
q_3: ─░─┤ H ├───────■───░─────────░─
      ░ └───┘           ░         ░
c: 4/═══════════════════════════════


. . . environment setup complete . . .

Initial estimated environment:

(0.0625+0j)  0j  0j  0j  0j  0j  0j  0j  0j  0j  0j  0j  0j  0j  0j  0j
0j  (0.0625+0j)  0j  0j  0j  0j  0j  0j  0j  0j  0j  0j  0j  0j  0j  0j
0j  0j  (0.0625+0j)  0j  0j  0j  0j  0j  0j  0j  0j  0j  0j  0j  0j  0j
0j  0j  0j  (0.0625+0j)  0j  0j  0j  0j  0j  0j  0j  0j  0j  0j  0j  0j
0j  0j  0j  0j  (0.0625+0j)  0j  0j  0j  0j  0j  0j  0j  0j  0j  0j  0j
0j  0j  0j  0j  0j  (0.0625+0j)  0j  0j  0j  0j  0j  0j  0j  0j  0j  0j
0j  0j  0j  0j  0j  0j  (0.0625+0j)  0j  0j  0j  0j  0j  0j  0j  0j  0j
0j  0j  0j  0j  0j  0j  0j  (0.0625+0j)  0j  0j  0j  0j  0j  0j  0j  0j
0j  0j  0j  0j  0j  0j  0j  0j  (0.0625+0j)  0j  0j  0j  0j  0j  0j  0j
0j  0j  0j  0j  0j  0j  0j  0j  0j  (0.0625+0j)  0j  0j  0j  0j  0j  0j
0j  0j  0j  0j  0j  0j  0j  0j  0j  0j  (0.0625+0j)  0j  0j  0j  0j  0j
0j  0j  0j  0j  0j  0j  0j  0j  0j  0j  0j  (0.0625+0j)  0j  0j  0j  0j
0j  0j  0j  0j  0j  0j  0j  0j  0j  0j  0j  0j  (0.0625+0j)  0j  0j  0j
0j  0j  0j  0j  0j  0j  0j  0j  0j  0j  0j  0j  0j  (0.0625+0j)  0j  0j
0j  0j  0j  0j  0j  0j  0j  0j  0j  0j  0j  0j  0j  0j  (0.0625+0j)  0j
0j  0j  0j  0j  0j  0j  0j  0j  0j  0j  0j  0j  0j  0j  0j  (0.0625+0j)
Lived life to the fullest
Learnt environment:

(0.13281024531024532+0j)  (0.08169642857142857+0.06974587912087912j)  (0.004464285714285716+0.08088023088023089j)  (0.013400488400488396+0.023358585858585867j)  (-0.07320283882783883-0.0013888888888888944j)  (-0.06218434343434343+0.03298611111111111j)  (0.12718253968253967+0.03184523809523809j)  (0.021931193806193808-0.10714285714285715j)  (0.0698750799853741+0.04049769674769676j)  (0.11884920634920637+0.00549242424242425j)  (-0.046753246753246755-0.12941849816849815j)  (-0.13452380952380952-0.02092803030303031j)  (0.02901785714285714+0.009970238095238095j)  (-0.06794490231990231-0.04885912698412699j)  (-0.00845508658008658-0.1641899766899767j)  (0.10817099567099568-0.002976190476190483j)
(0.08169642857142857-0.06974587912087912j)  (0.10245310245310246+0j)  (0.0648962148962149-0.008459595959595948j)  (0.1205357142857143+0.06554834054834055j)  (-0.0038510101010100946+0.1579861111111111j)  (-0.031536172161172174+0.015277777777777782j)  (0.02717594905094904+0.08333333333333334j)  (-0.03948412698412697+0.07351190476190475j)  (0.11329365079365081-0.09924242424242424j)  (0.07718374354403766-0.02787143412143412j)  (-0.09047619047619047+0.042951839826839824j)  (-0.03008658008658009-0.0973672161172161j)  (0.15336156898656897-0.03844246031746032j)  (-0.09598214285714284+0.10193452380952381j)  (-0.04391233766233767+0.03035714285714286j)  (0.1969020562770563+0.02444638694638694j)
(0.004464285714285716-0.08088023088023089j)  (0.0648962148962149+0.008459595959595948j)  (0.12279040404040403+0j)  (0.12455357142857142+0.04364697802197802j)  (0.020039682539682538+0.06656746031746032j)  (-0.1002278971028971-0.08333333333333334j)  (0.12230998168498168-0.04444444444444444j)  (-0.03440656565656566-0.07673611111111109j)  (0.060389610389610396+0.01929945054945058j)  (0.058333333333333334+0.0709280303030303j)  (0.017524652634946746+0.051764208014208016j)  (-0.11329365079365081+0.09867424242424244j)  (0.08434794372294373+0.10247668997668997j)  (-0.19864718614718616+0.02321428571428571j)  (-0.06026785714285714+0.11949404761904761j)  (0.06895985958485959-0.024057539682539684j)
(0.013400488400488396-0.023358585858585867j)  (0.1205357142857143-0.06554834054834055j)  (0.12455357142857142-0.04364697802197802j)  (-0.1057810245310245+0j)  (0.08683503996003994+0.05952380952380952j)  (0.020039682539682552-0.08621031746031746j)  (0.15726010101010102-0.05173611111111112j)  (-0.169356684981685-0.09444444444444446j)  (-0.033333333333333326-0.0072375541125541155j)  (0.07705627705627706-0.012751831501831498j)  (0.13115079365079366+0.05757575757575756j)  (-0.12046582910553497+0.10227619602619603j)  (0.08676948051948051+0.03988095238095238j)  (-0.0019615800865800913-0.10888694638694638j)  (-0.06687652625152625-0.05530753968253968j)  (-0.042410714285714274+0.12574404761904762j)
(-0.07320283882783883+0.0013888888888888944j)  (-0.0038510101010100946-0.1579861111111111j)  (0.020039682539682538-0.06656746031746032j)  (0.08683503996003994-0.05952380952380952j)  (-0.14268578643578644+0j)  (-0.05669642857142858+0.048111263736263746j)  (0.12053571428571427-0.005483405483405488j)  (-0.09236874236874237-0.0016414141414141485j)  (0.09598214285714286+0.030505952380952394j)  (0.05256791819291817-0.10441468253968252j)  (-0.08137175324675326-0.033886946386946365j)  (0.035254329004328996+0.018452380952380953j)  (0.002677367567073454-0.0978570041070041j)  (-0.08115079365079364+0.0007575757575757555j)  (-0.011580086580086585+0.05708943833943833j)  (-0.05833333333333332-0.09384469696969697j)
(-0.06218434343434343-0.03298611111111111j)  (-0.031536172161172174-0.015277777777777782j)  (-0.1002278971028971+0.08333333333333334j)  (0.020039682539682552+0.08621031746031746j)  (-0.05669642857142858-0.048111263736263746j)  (0.21802849927849927+0j)  (-0.021642246642246635-0.03345959595959594j)  (0.004464285714285716+0.0019119769119769151j)  (-0.0338179181929182+0.0726686507936508j)  (-0.13616071428571427+0.024255952380952378j)  (0.04983766233766233-0.09821428571428571j)  (-0.0010146103896103882+0.027476689976689964j)  (-0.06170634920634921+0.07215909090909091j)  (0.10026380890351479+0.054927711177711176j)  (0.033333333333333326-0.003179112554112542j)  (-0.07824675324675325-0.021970390720390722j)
(0.12718253968253967-0.03184523809523809j)  (0.02717594905094904-0.08333333333333334j)  (0.12230998168498168+0.04444444444444444j)  (0.15726010101010102+0.05173611111111112j)  (0.12053571428571427+0.005483405483405488j)  (-0.021642246642246635+0.03345959595959594j)  (0.06971500721500723+0j)  (-0.04955357142857142+0.03849587912087912j)  (0.05309794372294371-0.0005536130536130668j)  (0.04093614718614717-0.055357142857142855j)  (-0.06473214285714286+0.05431547619047619j)  (-0.14386065323565325+0.03149801587301587j)  (0.13127705627705627+0.03914072039072039j)  (-0.15119047619047618+0.14384469696969696j)  (-0.02189528200557612-0.018214424464424474j)  (0.061706349206349195+0.040909090909090916j)
(0.021931193806193808+0.10714285714285715j)  (-0.03948412698412697-0.07351190476190475j)  (-0.03440656565656566+0.07673611111111109j)  (-0.169356684981685+0.09444444444444446j)  (-0.09236874236874237+0.0016414141414141485j)  (0.004464285714285716-0.0019119769119769151j)  (-0.04955357142857142-0.03849587912087912j)  (0.057215007215007205+0j)  (-0.00698051948051949+0.011309523809523808j)  (-0.07487824675324675-0.03918997668997669j)  (-0.08738934676434676+0.0002480158730158756j)  (0.06026785714285715+0.033779761904761896j)  (-0.12380952380952381-0.03253517316017315j)  (0.0646103896103896+0.0626449938949939j)  (0.08115079365079367-0.05132575757575757j)  (-0.12516354152383563+0.06114371739371738j)
(0.0698750799853741-0.04049769674769676j)  (0.11329365079365081+0.09924242424242424j)  (0.060389610389610396-0.01929945054945058j)  (-0.033333333333333326+0.0072375541125541155j)  (0.09598214285714286-0.030505952380952394j)  (-0.0338179181929182-0.0726686507936508j)  (0.05309794372294371+0.0005536130536130668j)  (-0.00698051948051949-0.011309523809523808j)  (0.02988816738816738+0j)  (0.04330357142857143+0.019745879120879127j)  (-0.1086309523809524-0.12334054834054833j)  (-0.01874236874236873+0.16957070707070707j)  (-0.04939331501831502-0.09861111111111111j)  (-0.09690656565656566-0.014236111111111109j)  (-0.17837301587301585+0.006845238095238095j)  (0.06941496003996005-0.10119047619047616j)
(0.11884920634920637-0.00549242424242425j)  (0.07718374354403766+0.02787143412143412j)  (0.058333333333333334-0.0709280303030303j)  (0.07705627705627706+0.012751831501831498j)  (0.05256791819291817+0.10441468253968252j)  (-0.13616071428571427-0.024255952380952378j)  (0.04093614718614717+0.055357142857142855j)  (-0.07487824675324675+0.03918997668997669j)  (0.04330357142857143-0.019745879120879127j)  (-0.029040404040404047+0j)  (-0.11724664224664225+0.004419191919191916j)  (-0.016369047619047616-0.08023088023088024j)  (0.044760101010101014+0.0107638888888889j)  (-0.09105998168498168+0.08472222222222221j)  (-0.2435221028971029+0.04166666666666666j)  (0.15496031746031746+0.048511904761904756j)
(-0.046753246753246755+0.12941849816849815j)  (-0.09047619047619047-0.042951839826839824j)  (0.017524652634946746-0.051764208014208016j)  (0.13115079365079366-0.05757575757575756j)  (-0.08137175324675326+0.033886946386946365j)  (0.04983766233766233+0.09821428571428571j)  (-0.06473214285714286-0.05431547619047619j)  (-0.08738934676434676-0.0002480158730158756j)  (-0.1086309523809524+0.12334054834054833j)  (-0.11724664224664225-0.004419191919191916j)  (0.02701118326118326+0j)  (0.00044642857142856984+0.02936126373626373j)  (0.04781746031746033+0.013789682539682532j)  (0.06657405094905096-0.04166666666666667j)  (0.06278617216117217-0.03055555555555554j)  (-0.12468434343434343-0.07951388888888891j)
(-0.13452380952380952+0.02092803030303031j)  (-0.03008658008658009+0.0973672161172161j)  (-0.11329365079365081-0.09867424242424244j)  (-0.12046582910553497-0.10227619602619603j)  (0.035254329004328996-0.018452380952380953j)  (-0.0010146103896103882-0.027476689976689964j)  (-0.14386065323565325-0.03149801587301587j)  (0.06026785714285715-0.033779761904761896j)  (-0.01874236874236873-0.16957070707070707j)  (-0.016369047619047616+0.08023088023088024j)  (0.00044642857142856984-0.02936126373626373j)  (-0.030131673881673916+0j)  (0.07181880619380619-0.017857142857142853j)  (0.0478174603174603-0.08343253968253966j)  (-0.016351010101010113+0.14548611111111112j)  (-0.14554716117216115-0.08055555555555556j)
(0.02901785714285714-0.009970238095238095j)  (0.15336156898656897+0.03844246031746032j)  (0.08434794372294373-0.10247668997668997j)  (0.08676948051948051-0.03988095238095238j)  (0.002677367567073454+0.0978570041070041j)  (-0.06170634920634921-0.07215909090909091j)  (0.13127705627705627-0.03914072039072039j)  (-0.12380952380952381+0.03253517316017315j)  (-0.04939331501831502+0.09861111111111111j)  (0.044760101010101014-0.0107638888888889j)  (0.04781746031746033-0.013789682539682532j)  (0.07181880619380619+0.017857142857142853j)  (0.34010642135642133+0j)  (-0.06830357142857142-0.0018887362637362605j)  (-0.09970238095238096-0.08697691197691199j)  (0.1254884004884005+0.061237373737373715j)
(-0.06794490231990231+0.04885912698412699j)  (-0.09598214285714284-0.10193452380952381j)  (-0.19864718614718616-0.02321428571428571j)  (-0.0019615800865800913+0.10888694638694638j)  (-0.08115079365079364-0.0007575757575757555j)  (0.10026380890351479-0.054927711177711176j)  (-0.15119047619047618-0.14384469696969696j)  (0.0646103896103896-0.0626449938949939j)  (-0.09690656565656566+0.014236111111111109j)  (-0.09105998168498168-0.08472222222222221j)  (0.06657405094905096+0.04166666666666667j)  (0.0478174603174603+0.08343253968253966j)  (-0.06830357142857142+0.0018887362637362605j)  (0.01510642135642136+0j)  (0.04621489621489622+0.06275252525252525j)  (-0.025297619047619044-0.0665945165945166j)
(-0.00845508658008658+0.1641899766899767j)  (-0.04391233766233767-0.03035714285714286j)  (-0.06026785714285714-0.11949404761904761j)  (-0.06687652625152625+0.05530753968253968j)  (-0.011580086580086585-0.05708943833943833j)  (0.033333333333333326+0.003179112554112542j)  (-0.02189528200557612+0.018214424464424474j)  (0.08115079365079367+0.05132575757575757j)  (-0.17837301587301585-0.006845238095238095j)  (-0.2435221028971029-0.04166666666666666j)  (0.06278617216117217+0.03055555555555554j)  (-0.016351010101010113-0.14548611111111112j)  (-0.09970238095238096+0.08697691197691199j)  (0.04621489621489622-0.06275252525252525j)  (0.04536435786435786+0j)  (-0.07544642857142857-0.04721840659340659j)
(0.10817099567099568+0.002976190476190483j)  (0.1969020562770563-0.02444638694638694j)  (0.06895985958485959+0.024057539682539684j)  (-0.042410714285714274-0.12574404761904762j)  (-0.05833333333333332+0.09384469696969697j)  (-0.07824675324675325+0.021970390720390722j)  (0.061706349206349195-0.040909090909090916j)  (-0.12516354152383563-0.06114371739371738j)  (0.06941496003996005+0.10119047619047616j)  (0.15496031746031746-0.048511904761904756j)  (-0.12468434343434343+0.07951388888888891j)  (-0.14554716117216115+0.08055555555555556j)  (0.1254884004884005-0.061237373737373715j)  (-0.025297619047619044+0.0665945165945166j)  (-0.07544642857142857+0.04721840659340659j)  (0.1471500721500722+0j)