
(qeait) G:\My Drive\RESEARCH\A1 - Programs\QKSA\v14>python QKSA.py


###########################################################################################################

        QQQQQQQQQ        KKKKKKKKK    KKKKKKKK       SSSSSSSSSSSSS                     ____
     QQ:::::::::QQ       K:::::::K    K:::::KK     SS::::::::::::::S                 / \   \
   QQ:::::::::::::QQ     K:::::::K    K::::::K    S:::::SSSSSS::::::S               /   \___\
  Q:::::::QQQ:::::::Q    K:::::::K   K::::::K     S:::::S     SSSSSSS              _\   /   /__
  Q::::::O   Q::::::Q    KK::::::K  K:::::KK      SS::::S                        / \ \ /_/ \   \
  Q:::::O     Q:::::Q    K::::::K K:::::KK          SS::::::SS                  /   \___/   \___\
  Q:::::O     Q:::::Q    K::::::K K:::::K            SSS:::::::SS              _\   /   \   /   /__
  Q:::::O     Q:::::Q    K::::::K:::::K               SSSSSS::::SS           / \ \ /___/ \ /_/ \   \
  Q:::::O  QQQQ:::::Q    K::::::KK:::::KK                  S:::::SS         /   \___\       /   \___\
  Q::::::O Q::::::::Q    KK::::::K  K:::::KK                 S:::::S       _\   /   /__     \__ /  _/__
  Q:::::::QQ::::::::Q    K:::::::K   K::::::K    SSSSSSS    SS:::::S     / \ \ /___/   \ / \   \ / \   \
   QQ::::::::::::::Q     K:::::::K    K:::::K    S::::::SSSSSS:::::S    /   \___\   \___\   \___\   \___\
     QQ:::::::::::Q      K:::::::K    K:::::KK    S:::::::::::::::SS    \   /   /   /   /   /   /   /   /
      QQQQQQQQ::::QQ     KKKKKKKKK    KKKKKKKK     SSSSSSSSSSSSSSS       \ /___/ \ /___/ \ /___/ \ /___/
               Q:::::Q
                QQQQQQ                                                                  © Aritra Sarkar

###########################################################################################################



. . . environment being setup . . .

Random U-gate state on 1 qubits selected

     ┌──────────────────────────┐
q_0: ┤ U(0.18442,1.0531,1.3912) ├
     └──────────────────────────┘

. . . environment setup complete . . .

Hypervisor status ---
        Running         : []
        Waitlist        : ['agent_0']
        Dead            : []

Creating Environment for agent_0 QPT algorithm EAQPT

. . . environment being setup . . .

Qiskit QASM simulator backend selected

      ░      ┌───┐ ░ ┌────┐ ░
q_0: ─░──────┤ X ├─░─┤ QP ├─░─
      ░ ┌───┐└─┬─┘ ░ └────┘ ░
q_1: ─░─┤ H ├──■───░────────░─
      ░ └───┘      ░        ░
c: 2/═════════════════════════


. . . environment setup complete . . .
Target environment:

(0.49576068888532915+0j)  (0.02268908274261861-0.03983577943139835j)  (-0.008187141047851003+0.04510714488937431j)  (-0.38004277354345184-0.3183491022783899j)
(0.02268908274261861+0.03983577943139835j)  (0.00423931111467077+0j)  (-0.003999181540011158+0.0014065225689640086j)  (0.008187141047851006-0.04510714488937431j)
(-0.008187141047851003-0.04510714488937432j)  (-0.003999181540011158-0.0014065225689640086j)  (0.004239311114670772+0j)  (-0.02268908274261862+0.03983577943139836j)
(-0.3800427735434518+0.3183491022783899j)  (0.008187141047851006+0.045107144889374305j)  (-0.02268908274261862-0.039835779431398356j)  (0.4957606888853292-2.7755575615628914e-17j)

Initial estimated environment:

(0.25+0j)  0j  0j  0j
0j  (0.25+0j)  0j  0j
0j  0j  (0.25+0j)  0j
0j  0j  0j  (0.25+0j)

Progress... |████████████████████████████████████████████████████████████████| 1025/1024 steps [346 / 0 sec]
   QPT strategy: EAQPT

Final estimated environment:

(0.49074+0j)  (0.09455-0.0113j)  (0.03835+0.05127j)  (-0.40296-0.27548j)
(0.09455+0.0113j)  (0.00926+0j)  (-0.02296+0.00083j)  (-0.00263-0.01395j)
(0.03835-0.05127j)  (-0.02296-0.00083j)  (-0.00926+0j)  (-0.08661+0.02601j)
(-0.40296+0.27548j)  (-0.00263+0.01395j)  (-0.08661-0.02601j)  (0.50926+0j)



Final status ---
        Running         : []
        Waitlist        : []
        Dead            : [['agent_0', <src.agent_0.agent object at 0x0000027F4A418940>]]
        Aborted         : []
20 1025

. . . environment being setup . . .

Random U-gate state on 1 qubits selected

     ┌─────────────────────────┐
q_0: ┤ U(0.21472,1.605,1.2575) ├
     └─────────────────────────┘

. . . environment setup complete . . .

Hypervisor status ---
        Running         : []
        Waitlist        : ['agent_0']
        Dead            : []

Creating Environment for agent_0 QPT algorithm EAQPT

. . . environment being setup . . .

Qiskit QASM simulator backend selected

      ░      ┌───┐ ░ ┌────┐ ░
q_0: ─░──────┤ X ├─░─┤ QP ├─░─
      ░ ┌───┐└─┬─┘ ░ └────┘ ░
q_1: ─░─┤ H ├──■───░────────░─
      ░ └───┘      ░        ░
c: 2/═════════════════════════


. . . environment setup complete . . .
Target environment:

(0.4942590702147753+0j)  (-0.001820636134206758-0.05323712897856399j)  (-0.016414590573706533+0.050676107132563195j)  (-0.47513827033642436-0.1361457033889983j)
(-0.001820636134206758+0.05323712897856399j)  (0.005740929785224633+0j)  (-0.00539790894208933-0.0019547004506551423j)  (0.016414590573706547-0.05067610713256319j)
(-0.016414590573706533-0.05067610713256319j)  (-0.005397908942089329+0.0019547004506551423j)  (0.005740929785224635+0j)  (0.0018206361342067452+0.05323712897856399j)
(-0.47513827033642436+0.1361457033889983j)  (0.016414590573706547+0.05067610713256319j)  (0.0018206361342067434-0.053237128978564j)  (0.49425907021477533+0j)

Initial estimated environment:

(0.25+0j)  0j  0j  0j
0j  (0.25+0j)  0j  0j
0j  0j  (0.25+0j)  0j
0j  0j  0j  (0.25+0j)

Progress... |████████████████████████████████████████████████████████████████| 1025/1024 steps [344 / 0 sec]
   QPT strategy: EAQPT

Final estimated environment:

(0.46068+0j)  (-0.01737-0.04238j)  (-0.03203+0.11558j)  (-0.46963-0.17434j)
(-0.01737+0.04238j)  (-0.01624+0j)  (0.01219+0.05806j)  (0.00964-0.08617j)
(-0.03203-0.11558j)  (0.01219-0.05806j)  (0.01624+0j)  (0.00828+0.02125j)
(-0.46963+0.17434j)  (0.00964+0.08617j)  (0.00828-0.02125j)  (0.53932+0j)



Final status ---
        Running         : []
        Waitlist        : []
        Dead            : [['agent_0', <src.agent_0.agent object at 0x0000027F68745430>]]
        Aborted         : []
19 1025

. . . environment being setup . . .

Random U-gate state on 1 qubits selected

     ┌─────────────────────────┐
q_0: ┤ U(2.4904,1.9898,2.5067) ├
     └─────────────────────────┘

. . . environment setup complete . . .

Hypervisor status ---
        Running         : []
        Waitlist        : ['agent_0']
        Dead            : []

Creating Environment for agent_0 QPT algorithm EAQPT

. . . environment being setup . . .

Qiskit QASM simulator backend selected

      ░      ┌───┐ ░ ┌────┐ ░
q_0: ─░──────┤ X ├─░─┤ QP ├─░─
      ░ ┌───┐└─┬─┘ ░ └────┘ ░
q_1: ─░─┤ H ├──■───░────────░─
      ░ └───┘      ░        ░
c: 2/═════════════════════════


. . . environment setup complete . . .
Target environment:

(0.051167025914875354+0j)  (-0.06165348862044288-0.13843516806575223j)  (0.12201497547383938+0.08987654964773915j)  (-0.0109604833820024+0.04997931917309774j)
(-0.06165348862044287+0.13843516806575223j)  (0.44883297408512457-2.7755575615628914e-17j)  (-0.39018730912305166+0.2218217807732374j)  (-0.12201497547383938-0.08987654964773914j)
(0.12201497547383937-0.08987654964773915j)  (-0.39018730912305166-0.22182178077323736j)  (0.4488329740851245-2.7755575615628914e-17j)  (0.06165348862044287+0.13843516806575223j)
(-0.0109604833820024-0.04997931917309774j)  (-0.12201497547383938+0.08987654964773915j)  (0.06165348862044287-0.13843516806575223j)  (0.05116702591487535+0j)

Initial estimated environment:

(0.25+0j)  0j  0j  0j
0j  (0.25+0j)  0j  0j
0j  0j  (0.25+0j)  0j
0j  0j  0j  (0.25+0j)

Progress... |████████████████████████████████████████████████████████████████| 1025/1024 steps [347 / 0 sec]
   QPT strategy: EAQPT

Final estimated environment:

(0.04768+0j)  (-0.08312-0.16941j)  (0.11331+0.09746j)  (0.01283+0.03846j)
(-0.08312+0.16941j)  (0.45232+0j)  (-0.42747+0.21538j)  (-0.0776-0.09746j)
(0.11331-0.09746j)  (-0.42747-0.21538j)  (0.46956+0j)  (0.02251+0.14309j)
(0.01283-0.03846j)  (-0.0776+0.09746j)  (0.02251-0.14309j)  (0.03044+0j)



Final status ---
        Running         : []
        Waitlist        : []
        Dead            : [['agent_0', <src.agent_0.agent object at 0x0000027F687826D0>]]
        Aborted         : []
18 1025

. . . environment being setup . . .

Random U-gate state on 1 qubits selected

     ┌──────────────────────────┐
q_0: ┤ U(1.5536,2.6275,0.82573) ├
     └──────────────────────────┘

. . . environment setup complete . . .

Hypervisor status ---
        Running         : []
        Waitlist        : ['agent_0']
        Dead            : []

Creating Environment for agent_0 QPT algorithm EAQPT

. . . environment being setup . . .

Qiskit QASM simulator backend selected

      ░      ┌───┐ ░ ┌────┐ ░
q_0: ─░──────┤ X ├─░─┤ QP ├─░─
      ░ ┌───┐└─┬─┘ ░ └────┘ ░
q_1: ─░─┤ H ├──■───░────────░─
      ░ └───┘      ░        ░
c: 2/═════════════════════════


. . . environment setup complete . . .
Target environment:

(0.25429961924200234+0j)  (-0.21765722302333998-0.12290991229409376j)  (-0.1694797208966918+0.1837338767869258j)  (-0.24204765131827635+0.07798224694078432j)
(-0.21765722302333995+0.12290991229409376j)  (0.24570038075799755+0j)  (0.05625557273916246-0.23917355129782597j)  (0.16947972089669178-0.1837338767869258j)
(-0.16947972089669178-0.1837338767869258j)  (0.05625557273916246+0.23917355129782594j)  (0.24570038075799755+0j)  (0.21765722302333995+0.12290991229409376j)
(-0.24204765131827635-0.07798224694078432j)  (0.16947972089669178+0.1837338767869258j)  (0.21765722302333995-0.12290991229409376j)  (0.25429961924200234+0j)

Initial estimated environment:

(0.25+0j)  0j  0j  0j
0j  (0.25+0j)  0j  0j
0j  0j  (0.25+0j)  0j
0j  0j  0j  (0.25+0j)

Progress... |████████████████████████████████████████████████████████████████| 1025/1024 steps [344 / 0 sec]
   QPT strategy: EAQPT

Final estimated environment:

(0.24936+0j)  (-0.2218-0.11515j)  (-0.11417+0.18483j)  (-0.24976+0.07083j)
(-0.2218+0.11515j)  (0.27176+0j)  (0.1027-0.35417j)  (0.23917-0.20406j)
(-0.11417-0.18483j)  (0.1027+0.35417j)  (0.24294+0j)  (0.23058+0.14242j)
(-0.24976-0.07083j)  (0.23917+0.20406j)  (0.23058-0.14242j)  (0.23593+0j)



Final status ---
        Running         : []
        Waitlist        : []
        Dead            : [['agent_0', <src.agent_0.agent object at 0x0000027F686C2190>]]
        Aborted         : []
17 1025

. . . environment being setup . . .

Random U-gate state on 1 qubits selected

     ┌──────────────────────────┐
q_0: ┤ U(0.70533,2.2226,2.8852) ├
     └──────────────────────────┘

. . . environment setup complete . . .

Hypervisor status ---
        Running         : []
        Waitlist        : ['agent_0']
        Dead            : []

Creating Environment for agent_0 QPT algorithm EAQPT

. . . environment being setup . . .

Qiskit QASM simulator backend selected

      ░      ┌───┐ ░ ┌────┐ ░
q_0: ─░──────┤ X ├─░─┤ QP ├─░─
      ░ ┌───┐└─┬─┘ ░ └────┘ ░
q_1: ─░─┤ H ├──■───░────────░─
      ░ └───┘      ░        ░
c: 2/═════════════════════════


. . . environment setup complete . . .
Target environment:

(0.44035013077890967+0j)  (-0.0983172410813458-0.12884311319820102j)  (0.15677301901849397+0.04109803182974642j)  (0.16962807246274564+0.4063675118775816j)
(-0.0983172410813458+0.12884311319820105j)  (0.05964986922109017+0j)  (-0.04702777999980283+0.03669461549578229j)  (-0.15677301901849394-0.04109803182974649j)
(0.15677301901849397-0.04109803182974642j)  (-0.04702777999980283-0.0366946154957823j)  (0.059649869221090175-1.734723475976807e-18j)  (0.09831724108134576+0.1288431131982011j)
(0.16962807246274564-0.4063675118775816j)  (-0.15677301901849394+0.04109803182974649j)  (0.09831724108134576-0.12884311319820108j)  (0.4403501307789097+2.7755575615628914e-17j)

Initial estimated environment:

(0.25+0j)  0j  0j  0j
0j  (0.25+0j)  0j  0j
0j  0j  (0.25+0j)  0j
0j  0j  0j  (0.25+0j)

Progress... |████████████████████████████████████████████████████████████████| 1025/1024 steps [344 / 0 sec]
   QPT strategy: EAQPT

Final estimated environment:

(0.475+0j)  (-0.03806-0.17714j)  (0.1137+0.03081j)  (0.2743+0.43846j)
(-0.03806+0.17714j)  (0.10833+0j)  (-0.07864+0.06154j)  (-0.14993-0.09419j)
(0.1137-0.03081j)  (-0.07864-0.06154j)  (-0.00833+0j)  (0.16964+0.13168j)
(0.2743-0.43846j)  (-0.14993+0.09419j)  (0.16964-0.13168j)  (0.425+0j)



Final status ---
        Running         : []
        Waitlist        : []
        Dead            : [['agent_0', <src.agent_0.agent object at 0x0000027F68755670>]]
        Aborted         : []
16 1025

. . . environment being setup . . .

Random U-gate state on 1 qubits selected

     ┌────────────────────────────┐
q_0: ┤ U(0.60441,1.8246,0.032688) ├
     └────────────────────────────┘

. . . environment setup complete . . .

Hypervisor status ---
        Running         : []
        Waitlist        : ['agent_0']
        Dead            : []

Creating Environment for agent_0 QPT algorithm EAQPT

. . . environment being setup . . .

Qiskit QASM simulator backend selected

      ░      ┌───┐ ░ ┌────┐ ░
q_0: ─░──────┤ X ├─░─┤ QP ├─░─
      ░ ┌───┐└─┬─┘ ░ └────┘ ░
q_1: ─░─┤ H ├──■───░────────░─
      ░ └───┘      ░        ░
c: 2/═════════════════════════


. . . environment setup complete . . .
Target environment:

(0.4557089539572024+0j)  (-0.035666454122891135-0.13751992696381582j)  (-0.14199389830077108+0.004643178564713555j)  (-0.1287607529310472-0.43713993093904996j)
(-0.035666454122891135+0.13751992696381582j)  (0.0442910460427975+0j)  (0.009712096380689534-0.04321309921143594j)  (0.14199389830077108-0.0046431785647135515j)
(-0.14199389830077108-0.004643178564713555j)  (0.009712096380689534+0.04321309921143594j)  (0.0442910460427975+0j)  (0.03566645412289113+0.13751992696381582j)
(-0.1287607529310472+0.43713993093904996j)  (0.14199389830077105+0.0046431785647135515j)  (0.03566645412289113-0.13751992696381582j)  (0.4557089539572023+0j)

Initial estimated environment:

(0.25+0j)  0j  0j  0j
0j  (0.25+0j)  0j  0j
0j  0j  (0.25+0j)  0j
0j  0j  0j  (0.25+0j)

Progress... |████████████████████████████████████████████████████████████████| 1025/1024 steps [346 / 0 sec]
   QPT strategy: EAQPT

Final estimated environment:

(0.45955+0j)  (-0.04416-0.15786j)  (-0.15207-0.04799j)  (-0.13102-0.45j)
(-0.04416+0.15786j)  (0.17507+0j)  (-0.01305-0.05j)  (0.15874-0.07106j)
(-0.15207+0.04799j)  (-0.01305+0.05j)  (-0.09032+0j)  (0.0013+0.11241j)
(-0.13102+0.45j)  (0.15874+0.07106j)  (0.0013-0.11241j)  (0.4557+0j)



Final status ---
        Running         : []
        Waitlist        : []
        Dead            : [['agent_0', <src.agent_0.agent object at 0x0000027F686C9670>]]
        Aborted         : []
15 1025

. . . environment being setup . . .

Random U-gate state on 1 qubits selected

     ┌─────────────────────────┐
q_0: ┤ U(1.9376,1.5708,1.4493) ├
     └─────────────────────────┘

. . . environment setup complete . . .

Hypervisor status ---
        Running         : []
        Waitlist        : ['agent_0']
        Dead            : []

Creating Environment for agent_0 QPT algorithm EAQPT

. . . environment being setup . . .

Qiskit QASM simulator backend selected

      ░      ┌───┐ ░ ┌────┐ ░
q_0: ─░──────┤ X ├─░─┤ QP ├─░─
      ░ ┌───┐└─┬─┘ ░ └────┘ ░
q_1: ─░─┤ H ├──■───░────────░─
      ░ └───┘      ░        ░
c: 2/═════════════════════════


. . . environment setup complete . . .
Target environment:

(0.16034984273431196+0j)  (-8.314471450311623e-06-0.23337276883369867j)  (-0.0282879888047527+0.23165197817333566j)  (-0.1591681840721219-0.019430935234869624j)
(-8.314471450311623e-06+0.23337276883369867j)  (0.33965015726568804+0j)  (-0.33714425552642896-0.04118228133720329j)  (0.02828798880475265-0.2316519781733357j)
(-0.0282879888047527-0.23165197817333563j)  (-0.33714425552642896+0.04118228133720329j)  (0.339650157265688+6.938893903907228e-18j)  (8.314471450360239e-06+0.23337276883369867j)
(-0.1591681840721219+0.019430935234869624j)  (0.028287988804752653+0.2316519781733357j)  (8.314471450363708e-06-0.2333727688336987j)  (0.160349842734312+0j)

Initial estimated environment:

(0.25+0j)  0j  0j  0j
0j  (0.25+0j)  0j  0j
0j  0j  (0.25+0j)  0j
0j  0j  0j  (0.25+0j)

Progress... |████████████████████████████████████████████████████████████████| 1025/1024 steps [344 / 0 sec]
   QPT strategy: EAQPT

Final estimated environment:

(0.15222+0j)  (-0.01153-0.18492j)  (-0.0702+0.23754j)  (-0.21233-0.00649j)
(-0.01153+0.18492j)  (0.2844+0j)  (-0.28767+0.02078j)  (0.00123-0.23121j)
(-0.0702-0.23754j)  (-0.28767-0.02078j)  (0.38226+0j)  (0.01877+0.25159j)
(-0.21233+0.00649j)  (0.00123+0.23121j)  (0.01877-0.25159j)  (0.18112+0j)



Final status ---
        Running         : []
        Waitlist        : []
        Dead            : [['agent_0', <src.agent_0.agent object at 0x0000027F686C0730>]]
        Aborted         : []
14 1025

. . . environment being setup . . .

Random U-gate state on 1 qubits selected

     ┌─────────────────────────┐
q_0: ┤ U(2.7249,1.4102,1.2979) ├
     └─────────────────────────┘

. . . environment setup complete . . .

Hypervisor status ---
        Running         : []
        Waitlist        : ['agent_0']
        Dead            : []

Creating Environment for agent_0 QPT algorithm EAQPT

. . . environment being setup . . .

Qiskit QASM simulator backend selected

      ░      ┌───┐ ░ ┌────┐ ░
q_0: ─░──────┤ X ├─░─┤ QP ├─░─
      ░ ┌───┐└─┬─┘ ░ └────┘ ░
q_1: ─░─┤ H ├──■───░────────░─
      ░ └───┘      ░        ░
c: 2/═════════════════════════


. . . environment setup complete . . .
Target environment:

(0.02139464863504559+0j)  (0.016181606848331042-0.09988868267782783j)  (-0.0272752241971011+0.09744565394261359j)  (-0.019415497599114404-0.008987182161046974j)
(0.016181606848331042+0.09988868267782783j)  (0.47860535136495436+0j)  (-0.475589720272265-0.053642337071758334j)  (0.0272752241971011-0.0974456539426136j)
(-0.0272752241971011-0.0974456539426136j)  (-0.475589720272265+0.05364233707175835j)  (0.4786053513649543+0j)  (-0.016181606848331045+0.09988868267782783j)
(-0.019415497599114404+0.008987182161046974j)  (0.02727522419710111+0.09744565394261359j)  (-0.01618160684833105-0.09988868267782783j)  (0.02139464863504559-1.734723475976807e-18j)

Initial estimated environment:

(0.25+0j)  0j  0j  0j
0j  (0.25+0j)  0j  0j
0j  0j  (0.25+0j)  0j
0j  0j  0j  (0.25+0j)

Progress... |████████████████████████████████████████████████████████████████| 1025/1024 steps [344 / 0 sec]
   QPT strategy: EAQPT

Final estimated environment:

(-0.04331+0j)  (-0.01578-0.1284j)  (-0.01104+0.05857j)  (-0.03053-0.08883j)
(-0.01578+0.1284j)  (0.506+0j)  (-0.4536-0.06502j)  (0.07468-0.07523j)
(-0.01104-0.05857j)  (-0.4536+0.06502j)  (0.47615+0j)  (-0.02967+0.06174j)
(-0.03053+0.08883j)  (0.07468+0.07523j)  (-0.02967-0.06174j)  (0.06117+0j)



Final status ---
        Running         : []
        Waitlist        : []
        Dead            : [['agent_0', <src.agent_0.agent object at 0x0000027F686D51F0>]]
        Aborted         : []
13 1025

. . . environment being setup . . .

Random U-gate state on 1 qubits selected

     ┌─────────────────────────┐
q_0: ┤ U(1.6726,1.3043,1.9057) ├
     └─────────────────────────┘

. . . environment setup complete . . .

Hypervisor status ---
        Running         : []
        Waitlist        : ['agent_0']
        Dead            : []

Creating Environment for agent_0 QPT algorithm EAQPT

. . . environment being setup . . .

Qiskit QASM simulator backend selected

      ░      ┌───┐ ░ ┌────┐ ░
q_0: ─░──────┤ X ├─░─┤ QP ├─░─
      ░ ┌───┐└─┬─┘ ░ └────┘ ░
q_1: ─░─┤ H ├──■───░────────░─
      ░ └───┘      ░        ░
c: 2/═════════════════════════


. . . environment setup complete . . .
Target environment:

(0.2245949120585716+0j)  (0.06548778529033603-0.23992901342783687j)  (0.08174499134138903+0.23488792624842278j)  (-0.224068942638939+0.01536175339163412j)
(0.06548778529033601+0.23992901342783687j)  (0.2754050879414283+0j)  (-0.22708942736898835+0.15581512905122796j)  (-0.08174499134138899-0.2348879262484228j)
(0.08174499134138903-0.23488792624842278j)  (-0.22708942736898835-0.15581512905122796j)  (0.2754050879414283+0j)  (-0.06548778529033607+0.23992901342783687j)
(-0.224068942638939-0.01536175339163412j)  (-0.08174499134138899+0.2348879262484228j)  (-0.06548778529033608-0.23992901342783687j)  (0.22459491205857163+0j)

Initial estimated environment:

(0.25+0j)  0j  0j  0j
0j  (0.25+0j)  0j  0j
0j  0j  (0.25+0j)  0j
0j  0j  0j  (0.25+0j)

Progress... |████████████████████████████████████████████████████████████████| 1025/1024 steps [344 / 0 sec]
   QPT strategy: EAQPT

Final estimated environment:

(0.2177+0j)  (0.10689-0.23913j)  (0.16311+0.23276j)  (-0.23308-0.00468j)
(0.10689+0.23913j)  (0.252+0j)  (-0.19339+0.2096j)  (-0.05117-0.23276j)
(0.16311-0.23276j)  (-0.19339-0.2096j)  (0.22492+0j)  (-0.09174+0.26087j)
(-0.23308+0.00468j)  (-0.05117+0.23276j)  (-0.09174-0.26087j)  (0.30538+0j)



Final status ---
        Running         : []
        Waitlist        : []
        Dead            : [['agent_0', <src.agent_0.agent object at 0x0000027F686C31F0>]]
        Aborted         : []
12 1025

. . . environment being setup . . .

Random U-gate state on 1 qubits selected

     ┌─────────────────────────┐
q_0: ┤ U(2.3953,2.7459,1.2686) ├
     └─────────────────────────┘

. . . environment setup complete . . .

Hypervisor status ---
        Running         : []
        Waitlist        : ['agent_0']
        Dead            : []

Creating Environment for agent_0 QPT algorithm EAQPT

. . . environment being setup . . .

Qiskit QASM simulator backend selected

      ░      ┌───┐ ░ ┌────┐ ░
q_0: ─░──────┤ X ├─░─┤ QP ├─░─
      ░ ┌───┐└─┬─┘ ░ └────┘ ░
q_1: ─░─┤ H ├──■───░────────░─
      ░ └───┘      ░        ░
c: 2/═════════════════════════


. . . environment setup complete . . .
Target environment:

(0.06644569931623687+0j)  (-0.15661153780980772-0.06542663773526676j)  (-0.05052033520213833+0.16203553447178876j)  (-0.042701704426878165+0.05090771451031066j)
(-0.15661153780980772+0.06542663773526676j)  (0.433554300683763-2.7755575615628914e-17j)  (-0.04047474637376601-0.4316608930020949j)  (0.050520335202138396-0.16203553447178876j)
(-0.05052033520213833-0.16203553447178876j)  (-0.040474746373765996+0.431660893002095j)  (0.43355430068376294+0j)  (0.1566115378098077+0.06542663773526682j)
(-0.042701704426878165-0.050907714510310655j)  (0.050520335202138396+0.16203553447178876j)  (0.1566115378098077-0.06542663773526682j)  (0.06644569931623687+0j)

Initial estimated environment:

(0.25+0j)  0j  0j  0j
0j  (0.25+0j)  0j  0j
0j  0j  (0.25+0j)  0j
0j  0j  0j  (0.25+0j)

Progress... |████████████████████████████████████████████████████████████████| 1025/1024 steps [342 / 0 sec]
   QPT strategy: EAQPT

Final estimated environment:

(0.02168+0j)  (-0.1127-0.09701j)  (-0.0812+0.25473j)  (-0.03835+0.03533j)
(-0.1127+0.09701j)  (0.41311+0j)  (-0.0311-0.42764j)  (0.05342-0.14182j)
(-0.0812-0.25473j)  (-0.0311+0.42764j)  (0.45832+0j)  (0.1373+0.0597j)
(-0.03835-0.03533j)  (0.05342+0.14182j)  (0.1373-0.0597j)  (0.10689+0j)



Final status ---
        Running         : []
        Waitlist        : []
        Dead            : [['agent_0', <src.agent_0.agent object at 0x0000027F686D14F0>]]
        Aborted         : []
11 1025

. . . environment being setup . . .

Random U-gate state on 1 qubits selected

     ┌────────────────────────────┐
q_0: ┤ U(0.58135,0.45884,0.21043) ├
     └────────────────────────────┘

. . . environment setup complete . . .

Hypervisor status ---
        Running         : []
        Waitlist        : ['agent_0']
        Dead            : []

Creating Environment for agent_0 QPT algorithm EAQPT

. . . environment being setup . . .

Qiskit QASM simulator backend selected

      ░      ┌───┐ ░ ┌────┐ ░
q_0: ─░──────┤ X ├─░─┤ QP ├─░─
      ░ ┌───┐└─┬─┘ ░ └────┘ ░
q_1: ─░─┤ H ├──■───░────────░─
      ░ └───┘      ░        ░
c: 2/═════════════════════════


. . . environment setup complete . . .
Target environment:

(0.45893065230256685+0j)  (0.12308788473186145-0.06080588097100346j)  (-0.13425949257198916+0.02867701488537181j)  (0.3599274549242361-0.2847271866447275j)
(0.12308788473186145+0.06080588097100346j)  (0.041069347697433006+0j)  (-0.039808733646185-0.010097328645723273j)  (0.1342594925719892-0.028677014885371832j)
(-0.13425949257198916-0.02867701488537181j)  (-0.039808733646185+0.010097328645723273j)  (0.041069347697433+0j)  (-0.12308788473186144+0.060805880971003465j)
(0.3599274549242361+0.28472718664472757j)  (0.1342594925719892+0.02867701488537184j)  (-0.12308788473186143-0.060805880971003465j)  (0.4589306523025669+2.7755575615628914e-17j)

Initial estimated environment:

(0.25+0j)  0j  0j  0j
0j  (0.25+0j)  0j  0j
0j  0j  (0.25+0j)  0j
0j  0j  0j  (0.25+0j)

Progress... |████████████████████████████████████████████████████████████████| 1025/1024 steps [347 / 0 sec]
   QPT strategy: EAQPT

Final estimated environment:

(0.42829+0j)  (0.1521-0.11042j)  (-0.16817+0.12232j)  (0.40346-0.24765j)
(0.1521+0.11042j)  (0.0423+0j)  (-0.04892-0.08568j)  (0.17798-0.06518j)
(-0.16817-0.12232j)  (-0.04892+0.08568j)  (0.08978+0j)  (-0.09149+0.07074j)
(0.40346+0.24765j)  (0.17798+0.06518j)  (-0.09149-0.07074j)  (0.43963+0j)



Final status ---
        Running         : []
        Waitlist        : []
        Dead            : [['agent_0', <src.agent_0.agent object at 0x0000027F686D2F10>]]
        Aborted         : []
10 1025

. . . environment being setup . . .

Random U-gate state on 1 qubits selected

     ┌──────────────────────────┐
q_0: ┤ U(0.69714,1.9203,1.1765) ├
     └──────────────────────────┘

. . . environment setup complete . . .

Hypervisor status ---
        Running         : []
        Waitlist        : ['agent_0']
        Dead            : []

Creating Environment for agent_0 QPT algorithm EAQPT

. . . environment being setup . . .

Qiskit QASM simulator backend selected

      ░      ┌───┐ ░ ┌────┐ ░
q_0: ─░──────┤ X ├─░─┤ QP ├─░─
      ░ ┌───┐└─┬─┘ ░ └────┘ ░
q_1: ─░─┤ H ├──■───░────────░─
      ░ └───┘      ░        ░
c: 2/═════════════════════════


. . . environment setup complete . . .
Target environment:

(0.44167102117700596+0j)  (-0.05496919013312204-0.15079989316001632j)  (-0.06166308375340458+0.148188676163141j)  (-0.44122847386136466-0.01976676001549829j)
(-0.05496919013312204+0.15079989316001632j)  (0.05832897882299387-3.469446951953614e-18j)  (-0.042921690237614656-0.0394968135129851j)  (0.06166308375340458-0.14818867616314102j)
(-0.06166308375340458-0.148188676163141j)  (-0.042921690237614656+0.0394968135129851j)  (0.05832897882299387+0j)  (0.05496919013312205+0.15079989316001635j)
(-0.44122847386136466+0.01976676001549829j)  (0.06166308375340458+0.14818867616314102j)  (0.05496919013312205-0.15079989316001632j)  (0.44167102117700596+0j)

Initial estimated environment:

(0.25+0j)  0j  0j  0j
0j  (0.25+0j)  0j  0j
0j  0j  (0.25+0j)  0j
0j  0j  0j  (0.25+0j)

Progress... |████████████████████████████████████████████████████████████████| 1025/1024 steps [357 / 0 sec]
   QPT strategy: EAQPT

Final estimated environment:

(0.39816+0j)  (0.00216-0.18235j)  (-0.04258+0.16878j)  (-0.38929-0.07258j)
(0.00216+0.18235j)  (0.00725+0j)  (-0.075-0.07258j)  (0.01556-0.15211j)
(-0.04258-0.16878j)  (-0.075+0.07258j)  (0.10184+0j)  (0.11549+0.16765j)
(-0.38929+0.07258j)  (0.01556+0.15211j)  (0.11549-0.16765j)  (0.49275+0j)



Final status ---
        Running         : []
        Waitlist        : []
        Dead            : [['agent_0', <src.agent_0.agent object at 0x0000027F686D55E0>]]
        Aborted         : []
9 1025

. . . environment being setup . . .

Random U-gate state on 1 qubits selected

     ┌───────────────────────────┐
q_0: ┤ U(0.024788,1.6092,1.2953) ├
     └───────────────────────────┘

. . . environment setup complete . . .

Hypervisor status ---
        Running         : []
        Waitlist        : ['agent_0']
        Dead            : []

Creating Environment for agent_0 QPT algorithm EAQPT

. . . environment being setup . . .

Qiskit QASM simulator backend selected

      ░      ┌───┐ ░ ┌────┐ ░
q_0: ─░──────┤ X ├─░─┤ QP ├─░─
      ░ ┌───┐└─┬─┘ ░ └────┘ ░
q_1: ─░─┤ H ├──■───░────────░─
      ░ └───┘      ░        ░
c: 2/═════════════════════════


. . . environment setup complete . . .
Target environment:

(0.4999231968918014+0j)  (-0.00023819130255644803-0.006191843044292832j)  (-0.001685296357518816+0.0059628375434104255j)  (-0.4859487848537692-0.11737538621731583j)
(-0.00023819130255644803+0.006191843044292832j)  (7.680310819840003e-05+0j)  (-7.305028344329238e-05-2.3714415822233217e-05j)  (0.0016852963575188147-0.005962837543410426j)
(-0.001685296357518816-0.0059628375434104255j)  (-7.305028344329238e-05+2.3714415822233217e-05j)  (7.680310819840002e-05+0j)  (0.00023819130255644952+0.006191843044292832j)
(-0.4859487848537692+0.11737538621731582j)  (0.0016852963575188147+0.005962837543410426j)  (0.00023819130255644952-0.006191843044292833j)  (0.4999231968918015+0j)

Initial estimated environment:

(0.25+0j)  0j  0j  0j
0j  (0.25+0j)  0j  0j
0j  0j  (0.25+0j)  0j
0j  0j  0j  (0.25+0j)

Progress... |████████████████████████████████████████████████████████████████| 1025/1024 steps [344 / 0 sec]
   QPT strategy: EAQPT

Final estimated environment:

(0.51281+0j)  (-0.00139+0.00445j)  (-0.02809-0.03906j)  (-0.5-0.08778j)
(-0.00139-0.00445j)  (-0.03005+0j)  0.00597j  (-0.03441-0.03906j)
(-0.02809+0.03906j)  -0.00597j  (0.03005+0j)  (-0.06199+0.03076j)
(-0.5+0.08778j)  (-0.03441+0.03906j)  (-0.06199-0.03076j)  (0.48719+0j)



Final status ---
        Running         : []
        Waitlist        : []
        Dead            : [['agent_0', <src.agent_0.agent object at 0x0000027F686E4610>]]
        Aborted         : []
8 1025

. . . environment being setup . . .

Random U-gate state on 1 qubits selected

     ┌───────────────────────────┐
q_0: ┤ U(0.53167,2.9655,0.31846) ├
     └───────────────────────────┘

. . . environment setup complete . . .

Hypervisor status ---
        Running         : []
        Waitlist        : ['agent_0']
        Dead            : []

Creating Environment for agent_0 QPT algorithm EAQPT

. . . environment being setup . . .

Qiskit QASM simulator backend selected

      ░      ┌───┐ ░ ┌────┐ ░
q_0: ─░──────┤ X ├─░─┤ QP ├─░─
      ░ ┌───┐└─┬─┘ ░ └────┘ ░
q_1: ─░─┤ H ├──■───░────────░─
      ░ └───┘      ░        ░
c: 2/═════════════════════════


. . . environment setup complete . . .
Target environment:

(0.4654898337747024+0j)  (-0.12478368787934715-0.022207268606939626j)  (-0.12037141326654911+0.0396844353363474j)  (-0.46078224236489806+0.06603416137709635j)
(-0.12478368787934715+0.022207268606939626j)  (0.03451016622529754+0j)  (0.030374682585363022-0.016380788465031555j)  (0.12037141326654913-0.039684435336347405j)
(-0.12037141326654911-0.0396844353363474j)  (0.030374682585363022+0.016380788465031555j)  (0.034510166225297526+0j)  (0.12478368787934715+0.022207268606939626j)
(-0.46078224236489806-0.06603416137709635j)  (0.12037141326654913+0.039684435336347405j)  (0.12478368787934715-0.02220726860693962j)  (0.4654898337747024+0j)

Initial estimated environment:

(0.25+0j)  0j  0j  0j
0j  (0.25+0j)  0j  0j
0j  0j  (0.25+0j)  0j
0j  0j  0j  (0.25+0j)

Progress... |████████████████████████████████████████████████████████████████| 1025/1024 steps [343 / 0 sec]
   QPT strategy: EAQPT

Final estimated environment:

(0.46172+0j)  (-0.06394-0.15537j)  (-0.16709+0.01172j)  (-0.47456+0.03576j)
(-0.06394+0.15537j)  (0.03828+0j)  (0.00789-0.02356j)  (-0.00532-0.05584j)
(-0.16709-0.01172j)  (0.00789+0.02356j)  (0.02951+0j)  (0.08394-0.0113j)
(-0.47456-0.03576j)  (-0.00532+0.05584j)  (0.08394+0.0113j)  (0.47049+0j)



Final status ---
        Running         : []
        Waitlist        : []
        Dead            : [['agent_0', <src.agent_0.agent object at 0x0000027F686C0130>]]
        Aborted         : []
7 1025

. . . environment being setup . . .

Random U-gate state on 1 qubits selected

     ┌─────────────────────────┐
q_0: ┤ U(2.3597,2.5582,0.5535) ├
     └─────────────────────────┘

. . . environment setup complete . . .

Hypervisor status ---
        Running         : []
        Waitlist        : ['agent_0']
        Dead            : []

Creating Environment for agent_0 QPT algorithm EAQPT

. . . environment being setup . . .

Qiskit QASM simulator backend selected

      ░      ┌───┐ ░ ┌────┐ ░
q_0: ─░──────┤ X ├─░─┤ QP ├─░─
      ░ ┌───┐└─┬─┘ ░ └────┘ ░
q_1: ─░─┤ H ├──■───░────────░─
      ░ └───┘      ░        ░
c: 2/═════════════════════════


. . . environment setup complete . . .
Target environment:

(0.07260619960272935+0j)  (-0.14701684474524504-0.09704373726194701j)  (-0.14985488370521916+0.09260104432623065j)  (-0.0725736862793803-0.002172620669482788j)
(-0.14701684474524504+0.09704373726194701j)  (0.4273938003972706+0j)  (0.1796656597867154-0.38779596608452005j)  (0.14985488370521916-0.09260104432623063j)
(-0.14985488370521916-0.09260104432623066j)  (0.1796656597867154+0.38779596608452005j)  (0.4273938003972706+0j)  (0.14701684474524504+0.09704373726194704j)
(-0.0725736862793803+0.0021726206694827883j)  (0.14985488370521918+0.09260104432623062j)  (0.14701684474524504-0.09704373726194704j)  (0.07260619960272935+0j)

Initial estimated environment:

(0.25+0j)  0j  0j  0j
0j  (0.25+0j)  0j  0j
0j  0j  (0.25+0j)  0j
0j  0j  0j  (0.25+0j)

Progress... |████████████████████████████████████████████████████████████████| 1025/1024 steps [346 / 0 sec]
   QPT strategy: EAQPT

Final estimated environment:

(0.11519+0j)  (-0.125-0.07105j)  (-0.13235+0.05714j)  (-0.09807+0.01247j)
(-0.125+0.07105j)  (0.34635+0j)  (0.19066-0.36095j)  (0.13235-0.15714j)
(-0.13235-0.05714j)  (0.19066+0.36095j)  (0.41422+0j)  (0.125+0.13165j)
(-0.09807-0.01247j)  (0.13235+0.15714j)  (0.125-0.13165j)  (0.12424+0j)



Final status ---
        Running         : []
        Waitlist        : []
        Dead            : [['agent_0', <src.agent_0.agent object at 0x0000027F68699E80>]]
        Aborted         : []
6 1025

. . . environment being setup . . .

Random U-gate state on 1 qubits selected

     ┌─────────────────────────┐
q_0: ┤ U(1.9211,1.2206,2.0909) ├
     └─────────────────────────┘

. . . environment setup complete . . .

Hypervisor status ---
        Running         : []
        Waitlist        : ['agent_0']
        Dead            : []

Creating Environment for agent_0 QPT algorithm EAQPT

. . . environment being setup . . .

Qiskit QASM simulator backend selected

      ░      ┌───┐ ░ ┌────┐ ░
q_0: ─░──────┤ X ├─░─┤ QP ├─░─
      ░ ┌───┐└─┬─┘ ░ └────┘ ░
q_1: ─░─┤ H ├──■───░────────░─
      ░ └───┘      ░        ░
c: 2/═════════════════════════


. . . environment setup complete . . .
Target environment:

(0.16420802879025087+0j)  (0.08057261244007849-0.22056244422051202j)  (0.11670082055299955+0.20376618011387995j)  (-0.1618444197026489+0.027760773229373224j)
(0.08057261244007849+0.220562444220512j)  (0.335791971209749+0j)  (-0.21643446432777907+0.25673404639836195j)  (-0.11670082055299953-0.20376618011387992j)
(0.11670082055299953-0.20376618011387995j)  (-0.21643446432777913-0.25673404639836195j)  (0.3357919712097491+0j)  (-0.08057261244007846+0.220562444220512j)
(-0.1618444197026489-0.027760773229373224j)  (-0.11670082055299953+0.20376618011387992j)  (-0.08057261244007846-0.220562444220512j)  (0.16420802879025084-3.469446951953614e-18j)

Initial estimated environment:

(0.25+0j)  0j  0j  0j
0j  (0.25+0j)  0j  0j
0j  0j  (0.25+0j)  0j
0j  0j  0j  (0.25+0j)

Progress... |████████████████████████████████████████████████████████████████| 1025/1024 steps [343 / 0 sec]
   QPT strategy: EAQPT

Final estimated environment:

(0.13005+0j)  (-0.01139-0.21422j)  (0.17316+0.25931j)  (-0.15236+0.1154j)
(-0.01139+0.21422j)  (0.38919+0j)  (-0.2643+0.24397j)  (-0.05411-0.14392j)
(0.17316-0.25931j)  (-0.2643-0.24397j)  (0.33662+0j)  (-0.08282+0.22126j)
(-0.15236-0.1154j)  (-0.05411+0.14392j)  (-0.08282-0.22126j)  (0.14415+0j)



Final status ---
        Running         : []
        Waitlist        : []
        Dead            : [['agent_0', <src.agent_0.agent object at 0x0000027F68698310>]]
        Aborted         : []
5 1025

. . . environment being setup . . .

Random U-gate state on 1 qubits selected

     ┌─────────────────────────┐
q_0: ┤ U(2.8356,2.0642,2.5392) ├
     └─────────────────────────┘

. . . environment setup complete . . .

Hypervisor status ---
        Running         : []
        Waitlist        : ['agent_0']
        Dead            : []

Creating Environment for agent_0 QPT algorithm EAQPT

. . . environment being setup . . .

Qiskit QASM simulator backend selected

      ░      ┌───┐ ░ ┌────┐ ░
q_0: ─░──────┤ X ├─░─┤ QP ├─░─
      ░ ┌───┐└─┬─┘ ░ └────┘ ░
q_1: ─░─┤ H ├──■───░────────░─
      ░ └───┘      ░        ░
c: 2/═════════════════════════


. . . environment setup complete . . .
Target environment:

(0.011615486695440104+0j)  (-0.03567532131343325-0.0663332138956903j)  (0.062060624456257846+0.042676723265117664j)  (-0.0012630447475680917+0.01154661201987781j)
(-0.03567532131343324+0.0663332138956903j)  (0.4883845133045598+0j)  (-0.4343267797019671+0.22333759484119695j)  (-0.062060624456257825-0.04267672326511769j)
(0.06206062445625784-0.042676723265117664j)  (-0.43432677970196715-0.2233375948411969j)  (0.4883845133045598+0j)  (0.03567532131343321+0.0663332138956903j)
(-0.0012630447475680917-0.01154661201987781j)  (-0.062060624456257825+0.04267672326511769j)  (0.03567532131343321-0.0663332138956903j)  (0.011615486695440103+0j)

Initial estimated environment:

(0.25+0j)  0j  0j  0j
0j  (0.25+0j)  0j  0j
0j  0j  (0.25+0j)  0j
0j  0j  0j  (0.25+0j)

Progress... |████████████████████████████████████████████████████████████████| 1025/1024 steps [351 / 0 sec]
   QPT strategy: EAQPT

Final estimated environment:

(-0.04574+0j)  (-0.04402-0.08517j)  (0.04412+0.0398j)  (-0.01391+0.01667j)
(-0.04402+0.08517j)  (0.41887+0j)  (-0.4533+0.26667j)  (-0.08824-0.0475j)
(0.04412-0.0398j)  (-0.4533-0.26667j)  (0.56574+0j)  (0.03493-0.01801j)
(-0.01391-0.01667j)  (-0.08824+0.0475j)  (0.03493+0.01801j)  (0.06113+0j)



Final status ---
        Running         : []
        Waitlist        : []
        Dead            : [['agent_0', <src.agent_0.agent object at 0x0000027F686CF040>]]
        Aborted         : []
4 1025

. . . environment being setup . . .

Random U-gate state on 1 qubits selected

     ┌───────────────────────────┐
q_0: ┤ U(2.0296,2.3738,0.036968) ├
     └───────────────────────────┘

. . . environment setup complete . . .

Hypervisor status ---
        Running         : []
        Waitlist        : ['agent_0']
        Dead            : []

Creating Environment for agent_0 QPT algorithm EAQPT

. . . environment being setup . . .

Qiskit QASM simulator backend selected

      ░      ┌───┐ ░ ┌────┐ ░
q_0: ─░──────┤ X ├─░─┤ QP ├─░─
      ░ ┌───┐└─┬─┘ ░ └────┘ ░
q_1: ─░─┤ H ├──■───░────────░─
      ░ └───┘      ░        ░
c: 2/═════════════════════════


. . . environment setup complete . . .
Target environment:

(0.1392825969018488+0j)  (-0.16125695827967648-0.15568509902231542j)  (-0.22399336505364661+0.008284265999186878j)  (-0.10371061993261119-0.09297176513822018j)
(-0.1612569582796765+0.15568509902231542j)  (0.3607174030981511+0j)  (0.25007253401165797-0.2599630216605089j)  (0.22399336505364664-0.008284265999186899j)
(-0.22399336505364661-0.008284265999186878j)  (0.2500725340116579+0.25996302166050883j)  (0.3607174030981511+0j)  (0.16125695827967648+0.15568509902231542j)
(-0.10371061993261119+0.09297176513822018j)  (0.22399336505364664+0.008284265999186885j)  (0.16125695827967648-0.15568509902231542j)  (0.1392825969018488-1.3877787807814457e-17j)

Initial estimated environment:

(0.25+0j)  0j  0j  0j
0j  (0.25+0j)  0j  0j
0j  0j  (0.25+0j)  0j
0j  0j  0j  (0.25+0j)

Progress... |████████████████████████████████████████████████████████████████| 1025/1024 steps [344 / 0 sec]
